   2.0000000e+00  -1.1018664e+00  -7.8202575e-01   5.5250226e-01   4.5468458e-01   1.1323632e+00   1.1354582e+00
   1.0000000e+00   9.2897895e-01  -1.6969392e-01   1.4652931e+00  -1.5919285e+00   1.4480767e-01   1.6270921e-01
   2.0000000e+00   1.1231183e+00  -1.3847302e+00  -9.0359814e-01   6.9252208e-01   6.6926344e-01  -1.4215561e-01
   2.0000000e+00   8.1661702e-01  -4.3628199e-02   1.0269660e+00   2.3101266e-01  -6.5511836e-03   2.3165088e+00
   2.0000000e+00  -1.1591286e+00  -1.3413749e+00   4.5999652e-01   6.3126133e-01  -1.4794554e+00   5.2015835e-01
   2.0000000e+00   6.3590148e-01   1.6025305e+00   2.9546208e-01  -1.2490995e+00  -5.9424032e-01  -1.6182157e-01
   2.0000000e+00  -1.0778409e+00   9.1334115e-01  -7.0149334e-02   1.5531503e+00  -6.1433999e-01  -1.9859921e+00
   2.0000000e+00  -8.7064571e-01   1.6923139e-01   3.3966811e-01  -3.2508517e-01   1.5565071e-01   2.2458767e+00
   2.0000000e+00  -1.0061932e+00   4.6912754e-01   8.8787366e-01   1.5276134e-01  -2.0189988e+00   9.7750207e-01
   2.0000000e+00   5.3719032e-02   6.0028495e-01   1.1239990e+00   1.2472672e+00   1.9272971e+00  -4.3880548e-01
   2.0000000e+00   1.5881387e+00   1.0228177e+00   7.8510172e-01  -1.0391001e-01   5.5770011e-01  -6.9046790e-01
   1.0000000e+00   2.2159891e-01  -2.0447436e+00   2.1819418e+00  -1.0910351e+00   9.3233898e-01  -9.5619078e-01
   2.0000000e+00   5.3838940e-01  -2.2934725e-01  -1.3415731e+00  -9.1230531e-01  -1.2563304e+00  -1.3156486e+00
   2.0000000e+00  -1.0095770e+00   1.6320779e-01  -1.1430880e+00  -1.0037589e+00  -2.0876870e-01  -9.8683952e-02
   2.0000000e+00   5.1925571e-01   3.7442659e-01  -4.5665502e-01   8.0956364e-01   1.6121060e+00  -1.4141978e+00
   2.0000000e+00  -1.2482269e-02   1.9640515e-01   1.9622350e-01   1.0369759e-01  -6.9249481e-01   1.1752834e+00
   2.0000000e+00   1.5169226e+00   2.4475495e-01   1.4003657e+00  -5.5103793e-01  -5.3836754e-01  -5.0259385e-01
   2.0000000e+00   1.0939159e+00   9.9020386e-01   8.6664847e-01  -1.1345869e+00   2.9812430e+00   3.6309306e-01
   2.0000000e+00  -3.9597499e-01  -1.3693180e+00   1.0090215e+00  -8.0600398e-01  -1.3304153e+00   1.0072529e+00
   1.0000000e+00   8.0098395e-02  -1.0831313e+00   1.5718049e+00  -2.1929728e-01   8.8973464e-01   7.0354651e-01
   2.0000000e+00  -9.7341597e-01  -6.6213336e-01   1.3121974e-01  -7.8346742e-01  -7.6185157e-01  -1.3936286e+00
   2.0000000e+00   1.2798723e+00   2.8528523e-01  -1.0704327e+00   9.3382635e-01  -1.3515679e+00  -2.3901861e+00
   2.0000000e+00   5.2624371e-01  -5.2526065e-01   6.5544868e-01  -9.9224656e-01  -4.0554589e-02   2.2842007e+00
   1.0000000e+00   1.8862220e-01  -1.0711011e+00   5.3525264e-01  -1.7998824e+00   1.7608658e-01  -2.0567476e-02
   2.0000000e+00   1.3015284e+00  -2.4477885e+00   1.3147994e+00   1.7280195e-01  -1.4583130e+00   5.9806416e-01
   2.0000000e+00  -7.2139091e-03  -9.8889023e-01   2.1448221e+00   1.3209899e+00  -1.2333209e+00   6.9802785e-01
   2.0000000e+00  -6.3414431e-01   2.1676066e+00   3.2167180e-01   2.7909858e-01   1.0911105e+00  -1.2842511e+00
   2.0000000e+00   1.1249040e-01   7.4573592e-01   4.7303357e-01   2.0181503e+00  -5.0076575e-01   1.9096837e-01
   2.0000000e+00  -1.0458632e-01   2.3898665e+00  -1.5564332e+00  -1.4090676e+00  -6.2750238e-01  -2.2411190e+00
   2.0000000e+00   1.9104650e-01  -1.4057218e-01   4.9468950e-01  -1.6098419e+00  -1.4735538e+00  -1.5474090e+00
   2.0000000e+00   1.3840866e+00  -6.7545220e-01   1.7406373e-01   3.6376394e-01  -9.6953051e-01   7.6349324e-01
   2.0000000e+00  -1.0812225e+00  -1.3898844e+00  -2.2297420e+00   1.3617208e+00   9.8080820e-01   1.0367717e+00
   2.0000000e+00   8.0058552e-01   4.1039102e-01   3.4376508e-01   8.7894455e-01   6.7525755e-01  -3.3942545e-02
   2.0000000e+00  -6.8617827e-01   1.7922268e-01   2.0405194e+00   5.3085349e-01   1.8568664e+00   1.1282264e+00
   2.0000000e+00  -6.0962203e-01   1.2930313e+00   1.4827721e+00  -1.8792560e+00   1.4093518e+00   2.2258838e-01
   2.0000000e+00  -9.6471224e-01  -2.3097966e-01   3.5218315e-01   3.7483775e-01   1.8456398e+00   7.1514619e-02
   2.0000000e+00   6.7935473e-01  -1.7490261e+00  -2.2886793e-01  -1.5818078e+00  -9.3777758e-01  -5.5716774e-01
   1.0000000e+00   9.2786982e-02   9.2613798e-01  -3.8357835e-01   3.4623926e-01   3.7377754e-02  -1.0306688e+00
   2.0000000e+00   7.1528073e-01  -1.0639599e+00   2.5612586e+00  -1.6596705e-01  -1.3881612e+00  -1.1208352e+00
   2.0000000e+00  -1.3340877e+00   8.7678490e-01  -8.5141785e-01   9.1829224e-01  -9.6321728e-01   1.8788447e-01
   2.0000000e+00  -1.0865192e+00  -5.7942823e-01   1.8537905e+00   1.0770216e-01   1.4058793e+00   1.9394614e+00
   2.0000000e+00  -4.4765524e-01   8.8312765e-01   1.1527855e+00  -7.7461272e-02  -2.1669264e+00  -2.6887432e-01
   1.0000000e+00  -2.6862465e-01  -3.9615076e-01   1.2865485e+00   2.2289368e-01   3.3884209e-01  -4.8064094e-01
   2.0000000e+00   1.5349854e+00  -1.4584639e-01  -1.3896944e-02   7.0570270e-01   1.4426389e+00  -7.6624018e-01
   2.0000000e+00   3.5662888e-01  -2.6531230e-01   4.1360062e-01  -2.0528649e-01   1.3610078e+00  -1.1821644e+00
   2.0000000e+00   1.3813474e+00   1.2813340e+00  -3.2526417e-01  -2.2851600e+00  -7.9405325e-01   2.7394871e-02
   2.0000000e+00  -1.8122657e+00  -1.5395980e+00  -6.1999076e-01  -2.2900755e+00  -4.9010861e-01  -4.3735087e-01
   2.0000000e+00  -3.4199364e-01  -1.8311348e+00  -5.8958607e-01  -1.2459659e-01  -8.1339199e-01   1.4121886e+00
   2.0000000e+00  -1.6183292e+00  -9.0097791e-01   1.4638258e+00   6.0287167e-01  -5.7162494e-01  -1.2321860e+00
   1.0000000e+00   1.8067998e-02   5.6988622e-01   7.5242114e-02  -8.8078306e-01   6.1320131e-02   1.2328113e+00
   2.0000000e+00   5.3434292e-01   1.9066984e+00  -3.1225146e-01   1.9314522e+00  -1.5239333e+00   2.8971526e-01
   1.0000000e+00   5.5000854e-01  -4.0312123e-01  -2.3705912e-01  -1.3798079e+00   5.2831156e-01   4.5078696e-01
   2.0000000e+00   9.6362402e-01  -1.3680019e+00  -2.0734077e+00  -5.3417399e-01  -7.3015237e-01   6.5376386e-01
   2.0000000e+00  -8.5056353e-01   1.1885021e-01  -4.0375865e-01   4.7697639e-01  -1.9300292e-01  -1.0031425e-01
   2.0000000e+00   1.5698732e+00  -7.0267859e-01  -3.5754696e-01   8.9500554e-01   1.1809017e+00   2.8252205e-01
   2.0000000e+00   1.4216294e+00  -1.2154860e+00   1.5730464e+00  -1.2945214e+00   5.9492334e-01  -3.0021430e-01
   1.0000000e+00  -5.2473840e-01   3.9034757e-01   3.0177018e-01   8.0872718e-01   7.3214670e-01  -5.1582083e-01
   2.0000000e+00  -5.3136971e-01  -4.6600966e-01   5.8337339e-01  -1.3610718e-01   9.0178149e-01   1.6709820e+00
   1.0000000e+00  -6.3645497e-01  -4.3989931e-01  -2.9233296e-01  -9.3094218e-01   5.1251612e-01   5.4298755e-01
   2.0000000e+00   1.2705429e+00  -2.3713849e+00   3.6314394e-01   7.4162112e-01   2.4359900e-01   5.0880115e-01
   2.0000000e+00  -1.1551577e+00   1.1587917e+00  -2.0640968e+00   6.0550631e-01   1.0170732e+00  -1.2313076e-01
   2.0000000e+00  -8.0141052e-01  -1.6785155e+00   5.8906189e-01  -1.1484945e+00  -8.3757600e-01  -8.9866691e-01
   1.0000000e+00   2.6107184e-01   3.3815067e-01   2.2315676e-01  -5.2642700e-01   1.3591945e-01  -2.5567145e-01
   2.0000000e+00  -6.5149850e-01   1.0147639e+00   1.8576266e+00   1.1094002e+00  -1.2953009e+00   1.3712130e+00
   2.0000000e+00  -6.4434758e-01   3.4343833e-01  -1.9471100e-01   3.1646384e-01  -4.8566942e-01  -3.6689022e-01
   2.0000000e+00  -7.2197121e-01   1.5502363e+00   1.3269079e+00   1.7578676e+00  -1.4220982e+00  -1.2502100e+00
   2.0000000e+00   4.5182375e-01  -2.7127463e-01  -4.4417151e-01   2.3043811e-01  -1.7150532e+00   8.0848455e-01
   2.0000000e+00   8.7083290e-01   7.8642416e-01   4.8327599e-01   5.0068954e-01   7.1936927e-01   8.0876766e-01
   2.0000000e+00   6.8000196e-01  -8.1830822e-02   1.5896745e+00   9.7608918e-01  -1.2648940e-01   8.5541021e-01
   2.0000000e+00  -1.0209103e+00  -7.8475082e-02   1.0559406e+00   2.2020565e+00   5.9844981e-01  -1.4590663e-01
   2.0000000e+00  -2.5781065e-01   1.5376776e+00   3.1936917e-01  -1.2007584e-01  -1.3396169e+00   1.3982732e+00
   2.0000000e+00  -5.3460328e-03   1.2346042e+00  -8.5166379e-02   1.0402477e+00  -2.0673106e+00   1.0079438e+00
   2.0000000e+00   1.8091799e-01   2.5793445e+00  -1.7790812e+00   1.5904015e+00  -7.8566328e-01  -2.6274468e-01
   1.0000000e+00   3.0798958e-01  -5.1625929e-01  -2.2818133e-01  -7.0491417e-01   3.2144706e-01   2.9560622e-01
   2.0000000e+00   2.0344003e+00  -6.6904095e-02   1.1790833e+00   1.3134414e+00   4.5564826e-01  -7.7480967e-02
   2.0000000e+00   6.8088993e-01   1.5152470e-01   6.3150309e-01   7.9896602e-01   1.4378951e+00   1.1020708e+00
   2.0000000e+00   1.9751327e+00   8.6212920e-01  -1.0398884e+00  -4.7468337e-02   7.0548903e-01  -1.6430386e-01
   2.0000000e+00   1.0605783e-01  -7.6939415e-01   5.2678740e-01  -9.3067115e-01  -4.4243349e-01  -2.3963121e-01
   2.0000000e+00  -6.2146829e-01   3.0558919e-01   1.4843105e+00  -4.3490016e-01  -2.0316093e-01  -1.9337324e+00
   1.0000000e+00  -4.4497934e-01  -5.7342475e-01  -2.0326729e+00  -2.0301465e+00   8.1734878e-01  -1.1946098e-01
   2.0000000e+00   3.3794322e-01  -1.4372133e+00  -9.9438492e-01  -2.7072779e-01  -2.8428264e-01  -4.9222293e-01
   2.0000000e+00  -9.5083239e-01   4.3275337e-01  -8.9458093e-02   1.5807107e-01   9.4736001e-01   1.3755057e-01
   2.0000000e+00  -9.0569760e-01  -2.9300333e+00  -6.1199366e-01  -3.7026358e-01   1.3648579e+00  -2.6795971e-01
   2.0000000e+00   3.7959200e-01  -5.2132012e-01   3.0512817e-01  -2.3395838e-01   9.7007984e-01   1.7371816e+00
   2.0000000e+00  -4.9846944e-01   1.9171759e+00   1.3815077e+00   3.6350096e-01   1.2704169e+00   7.6241715e-01
   2.0000000e+00   1.5646993e+00  -2.8590281e-01  -3.9670792e-01   7.2342929e-02   5.3594264e-01  -4.0556922e-01
   2.0000000e+00   1.0406307e+00  -8.5230374e-01   2.5008838e-01   8.5937707e-01  -9.7229702e-01   5.6981966e-01
   2.0000000e+00  -1.7072662e+00   4.2060310e-01  -9.5785670e-01   3.4783576e-01  -8.4695149e-01  -3.0986147e-01
   2.0000000e+00  -8.2080757e-01  -6.4678164e-02  -1.0375492e+00  -1.4964843e+00  -1.0435938e+00   1.4745693e+00
   1.0000000e+00   1.7250133e-01   1.5372382e+00   2.6884592e-02  -2.5575683e-01   8.5954137e-01  -3.5085188e-02
   1.0000000e+00   6.9729209e-01  -7.6429822e-01   3.1405384e+00   2.0753906e+00   1.8297644e-01   1.1956463e+00
   2.0000000e+00  -8.3864953e-02  -4.9454870e-01  -1.8208266e+00   2.3622930e+00   1.0108111e+00  -5.4556422e-01
   2.0000000e+00   2.0073549e-01  -1.5050096e-01   6.2224415e-01   3.1805187e-01  -1.1234066e+00  -3.9502751e-02
   1.0000000e+00   6.9289097e-01   3.2791136e-01  -4.3729008e-01  -3.9630764e-01   6.2595239e-02   4.3058847e-02
   1.0000000e+00   4.0843550e-01  -1.8463781e+00   6.5781995e-01   7.6225937e-02   5.3835251e-01  -1.6588458e+00
   2.0000000e+00   2.2021183e-01   1.1609896e-01   8.0303915e-01  -3.4847284e-01  -7.1182622e-01  -3.7631149e-01
   2.0000000e+00  -1.4033652e-01   1.1129315e+00  -1.2929133e+00   9.0691213e-01   2.0003685e+00   9.9764303e-01
   2.0000000e+00  -1.6411898e+00   1.2903978e+00  -4.3503969e-01   8.1620453e-01  -8.7368926e-01  -2.8939022e-01
   1.0000000e+00  -2.5825646e-01  -1.3240543e-01   8.5344027e-01   9.0488708e-02   1.3334394e-01   1.3861252e+00
   2.0000000e+00   3.0362155e-01  -3.2970046e-01  -3.6354393e-01   1.1094940e+00  -1.7036182e+00   8.1180880e-01
   2.0000000e+00   1.3259937e-01  -2.8725148e-01   1.3637303e+00   2.3629131e+00  -3.1932903e-01   5.5824735e-01
   1.0000000e+00  -7.2680659e-01   6.5544917e-01   1.0175387e-01  -6.9242544e-01   2.8621551e-03  -1.2881003e+00
   2.0000000e+00   9.7252715e-01  -3.1882777e-01  -6.5357757e-01  -1.4152589e+00   8.9528746e-01  -1.8253879e-01
   2.0000000e+00  -8.8633760e-01   5.0296440e-01   8.0943986e-02  -9.2990509e-01  -2.0615883e-02   1.9391377e+00
   1.0000000e+00  -3.2757964e-01   2.5151101e-01   3.2541377e-01  -1.2940219e+00   1.0430594e-01  -4.0671675e-01
   2.0000000e+00  -1.0009494e+00  -1.4318358e+00   3.5753221e-01   6.3613897e-01  -1.4981924e+00  -1.3264234e+00
   2.0000000e+00  -1.3065267e+00   6.7519243e-01  -1.9039921e+00  -5.3889373e-01   8.3669371e-01  -3.7404255e-02
   2.0000000e+00   1.2550664e+00   1.4469702e+00   1.8448848e-01   4.6265125e-01   9.6791593e-01   4.7150750e-01
   2.0000000e+00   8.3802088e-01   4.0093250e-01   9.0961090e-01   5.6494974e-01  -8.3741001e-01  -1.6162801e+00
   2.0000000e+00  -1.7282431e-01   5.9602266e-01   7.4215297e-01  -1.4497048e+00  -1.1566822e+00   1.4045534e+00
   2.0000000e+00  -1.5057441e+00   1.9294796e-01  -1.4467958e+00  -2.6816984e-01  -9.8168373e-01  -2.3365354e+00
   2.0000000e+00   5.0185877e-02   8.8009252e-01  -1.5544558e+00   1.4893735e+00  -5.4728449e-01   1.0699842e+00
   1.0000000e+00  -5.0565352e-01  -2.0018835e+00   5.6481080e-01  -7.0001229e-01   2.5528289e-01   1.3454951e-01
   2.0000000e+00  -2.3768249e+00  -1.1568692e+00  -1.1639052e-01   1.4335639e+00  -1.5616219e+00  -3.5313126e-01
   2.0000000e+00   6.4817928e-01   1.0000888e+00   8.7227619e-01   6.8633513e-01  -1.1554995e+00   9.4702096e-01
   2.0000000e+00  -9.8078514e-01  -6.5361187e-01  -3.0214506e-01  -9.8401816e-02  -1.4355870e-01   1.1900616e+00
   1.0000000e+00  -8.2329589e-01  -7.7569963e-01   5.9090493e-01  -8.6715797e-02   4.7939548e-01  -8.8509933e-01
   2.0000000e+00   1.4641125e+00  -7.0995691e-01   1.1055225e+00   2.0006286e+00  -3.1514416e-01   4.1227662e-01
   2.0000000e+00  -1.4557976e+00   7.8112480e-01   4.0730224e-01   3.7907523e-01   2.3327014e-01   3.4448310e-01
   2.0000000e+00  -1.5215444e+00  -7.9353702e-01   8.0241122e-01   2.6778120e-01  -2.2051736e+00  -1.8719397e-01
   1.0000000e+00  -1.2025906e-01  -1.4313492e+00   1.0281837e+00  -1.6967113e+00   9.1252100e-02  -4.3724788e-01
   2.0000000e+00  -1.2460762e+00  -1.5378379e-01  -5.5975327e-01   2.3142629e-01   1.9515708e-01   8.7208791e-01
   2.0000000e+00   1.2033427e-01   2.8201723e-01  -5.4415662e-01   6.6308919e-01  -1.1392775e+00   1.6770861e-01
   1.0000000e+00  -2.6285864e-01   6.1891880e-01   1.8171392e+00  -7.1993131e-02   6.6059144e-01  -7.2558572e-01
   2.0000000e+00   3.4009963e-01   1.1672600e+00  -8.7832532e-02   7.4346177e-01  -3.8492454e-01  -6.5004301e-01
   1.0000000e+00   1.2920704e-01   1.3989467e+00   7.0930229e-01   5.9552067e-01   6.9504326e-01   4.1962735e-01
   2.0000000e+00   1.4791252e+00  -1.8895125e+00   9.8270645e-01  -5.6395039e-02   4.4060650e-01   2.5992521e+00
   2.0000000e+00   6.7448481e-01   2.8145386e-01   4.6093107e-01  -9.8184032e-01   2.1508032e+00  -7.2560192e-01
   2.0000000e+00   1.5932638e+00   3.7154154e-01  -2.3941551e-01  -4.3891868e-01   1.2448800e+00  -4.7924030e-01
   2.0000000e+00   7.0777172e-01  -2.8570493e-01   8.2414362e-01  -2.5880319e-02  -1.4781553e+00   2.5861130e-01
   2.0000000e+00  -6.9630033e-01   1.0016113e+00  -5.4614132e-01  -4.5436684e-01   2.0045832e+00   1.0621042e+00
   1.0000000e+00   5.2420753e-02  -4.3857437e-01  -5.6002465e-01  -3.2395093e-01   5.9766147e-01  -1.2645779e+00
   2.0000000e+00   4.5580573e-01   1.0930072e+00  -1.3390425e-01   1.9251805e+00  -9.2151394e-01  -6.4642607e-01
   2.0000000e+00   1.2856897e-01   1.0413542e-01  -5.4120450e-01   2.5951028e-01  -2.3298718e-02   9.4432885e-01
   2.0000000e+00  -1.2611053e+00   6.4040321e-01   4.1055141e-01   4.0650804e-01  -1.1718627e+00   1.1012758e+00
   2.0000000e+00  -7.6261875e-01   1.1133759e+00  -1.7963984e+00   1.4918993e+00  -1.0992748e+00   1.3620749e+00
   2.0000000e+00   8.7461785e-01  -7.2418904e-01  -1.0264817e+00   1.2491179e+00   1.6045747e+00   3.6672437e-01
   1.0000000e+00  -5.5790542e-01   2.7489943e+00   7.7556013e-01  -7.2969870e-01   2.1272992e-01   4.9245194e-01
   2.0000000e+00   2.2950853e-01  -1.2826497e+00   5.3846912e-01   1.1953055e+00  -7.2295241e-01   6.4441192e-01
   2.0000000e+00   1.0413411e+00  -1.1238541e+00   1.9634398e+00  -1.1894043e+00   6.9798969e-01  -1.4547882e+00
   2.0000000e+00   8.0627948e-01   7.4852900e-01   1.3053717e+00   6.0698074e-02   1.9210958e+00   2.9589077e-01
   2.0000000e+00  -4.0239954e-01   1.4536331e+00   1.9894909e+00   8.2933797e-01  -6.9951666e-01  -5.4308940e-01
   1.0000000e+00  -2.2067108e-01  -3.9851186e-01   1.6313525e+00   1.7559628e+00   3.6478091e-01   8.4721674e-01
   2.0000000e+00   1.9350686e+00   4.4741484e-01   4.5717897e-01  -1.8966463e+00  -2.9766321e-02  -7.4946481e-01
   2.0000000e+00  -3.7664921e-01   1.4163701e+00   3.4738816e-01   2.7707782e+00  -8.0503585e-01  -1.3128521e+00
   2.0000000e+00  -5.2321192e-02  -5.8325781e-01  -5.4937927e-01   1.5135579e+00  -2.2736925e+00  -1.4675688e+00
   2.0000000e+00  -1.3153481e+00   2.8057547e-02  -2.7373666e-02   1.3692193e+00   1.4715251e+00   1.3647333e+00
   2.0000000e+00  -1.6279946e+00  -4.6488354e-01  -5.4561139e-01  -2.0619991e-01  -6.5382225e-01  -3.8359963e-01
   2.0000000e+00   1.3951476e+00  -1.4848260e-01  -2.0391821e-03   2.6681896e+00  -6.4702139e-03  -8.6879871e-01
   2.0000000e+00  -4.2825533e-01   1.8558835e-01   7.4037852e-01  -1.5397770e-01  -4.5463708e-01   4.8876818e-01
   2.0000000e+00  -5.3994101e-01  -4.6003017e-01   5.2522611e-01   1.1172550e+00  -1.2344383e+00   1.1966777e+00
   2.0000000e+00   5.9892568e-01  -4.7029095e-02  -6.4036313e-01   5.1995686e-01  -4.4798119e-01   4.0300211e-02
   2.0000000e+00  -4.7985931e-01   1.0100335e+00  -5.9883956e-01   6.7849208e-01  -1.9095997e+00   9.7401447e-01
   2.0000000e+00   2.5312030e-01   6.9489724e-01   4.7486257e-01  -4.1109714e-01  -7.3492515e-01   1.3803858e+00
   2.0000000e+00   1.5927365e+00  -5.8264753e-01  -5.2859567e-01  -4.2593073e-01  -1.5106463e+00   5.6820480e-01
   2.0000000e+00  -1.8515392e+00  -1.2974460e+00   1.0691500e+00   9.2355337e-01   8.1973168e-01   1.5919353e+00
   2.0000000e+00  -4.0409243e-01  -3.9874748e-01  -1.6842724e+00  -1.2073732e+00  -1.9041009e+00  -1.5132630e+00
   2.0000000e+00  -4.6804690e-01   3.1871878e-01  -5.0941008e-01   1.7475290e+00  -4.9054763e-03  -2.0974519e+00
   2.0000000e+00  -5.1237046e-02  -1.5031135e+00  -6.1537961e-01  -7.2848607e-01  -1.6227794e+00  -2.0995858e-01
   2.0000000e+00   1.3021455e+00  -1.6546531e-01  -1.0864578e+00   5.9933851e-01  -2.1770845e-01  -1.3635688e+00
   2.0000000e+00  -4.6662357e-01  -9.8813684e-01  -2.4397739e-01  -1.3360525e+00   1.1360670e+00  -4.1001626e-02
   1.0000000e+00  -7.7367607e-02  -1.4781029e-01   9.2154053e-01  -4.5764351e-01   2.4673728e-01   6.3999954e-02
   2.0000000e+00  -2.5101721e-01  -1.8326246e-01   1.1557381e+00  -2.5996188e-01  -1.8912143e-01   4.5576800e-01
   2.0000000e+00   7.9759887e-01   5.0666380e-01   4.8831499e-01  -1.2450003e-01  -3.0821679e-01  -7.7684586e-01
   1.0000000e+00   1.3013641e-01   1.8441863e+00   9.1160740e-01   1.8721038e+00   8.2633449e-01  -8.3032996e-01
   2.0000000e+00   1.2674042e+00  -5.8902070e-01   8.7346142e-01  -2.9303380e+00  -5.0972246e-01  -1.2928444e+00
   2.0000000e+00  -7.0947839e-01  -3.7735971e-01   8.4763099e-01   4.4046743e-01  -1.4904411e+00   1.6729523e+00
   2.0000000e+00   2.0488468e-01   3.7341708e-01   1.1366268e+00  -3.8365064e-01  -1.4522397e+00  -6.0221676e-01
   2.0000000e+00   9.3928920e-01  -1.1665488e+00  -6.4876895e-01  -1.0898533e+00  -3.6795993e-01  -5.8042559e-02
   2.0000000e+00   1.3616516e+00  -9.8427668e-01  -2.3939490e-01   3.6940804e-01   1.6665271e+00  -3.7617335e-01
   2.0000000e+00   2.1055848e-01   4.8055563e-01   3.2075449e+00   1.3847669e-01  -3.2328154e-01  -3.8812221e-01
   2.0000000e+00   1.0612426e+00  -4.9861772e-01   3.2615889e-01   1.0844438e+00   1.2510183e+00   8.8220785e-01
   2.0000000e+00  -7.7250069e-01   2.1786403e-01  -7.2895614e-01  -8.0912926e-01   6.5377553e-01  -1.6898364e+00
   2.0000000e+00   1.1844361e+00   7.7698739e-01  -3.3399599e-01   1.3184199e+00   1.5314258e+00  -8.2687379e-01
   2.0000000e+00  -1.0639173e+00   6.5244477e-01  -2.9458457e-02  -5.4352312e-01  -7.7276759e-01  -1.9261720e+00
   2.0000000e+00  -9.3429083e-01   3.4198426e-01  -4.4898948e-01  -1.0156628e+00   5.2468215e-01  -8.7971402e-02
   2.0000000e+00   4.6887048e-01   6.8691035e-01  -3.0144278e-01  -7.6655059e-02  -7.6894159e-01  -1.3658260e+00
   2.0000000e+00   1.1142228e+00  -2.6441600e+00   3.3104127e-01  -5.1627762e-01  -7.4720512e-01  -3.1699120e-01
   2.0000000e+00   1.0041020e+00  -1.9818481e+00   1.2168696e+00   4.5070696e-01  -9.1808511e-01  -9.3861773e-01
   2.0000000e+00  -8.2473435e-01  -3.1324800e-01  -8.2175962e-01  -1.7773192e+00   1.2022323e+00   1.7676101e-01
   2.0000000e+00  -2.7164517e-01   2.1978903e+00  -3.6295437e-01   2.0966394e-01   1.0904925e+00   8.8222728e-01
   2.0000000e+00  -6.6966021e-01   5.8916856e-01   1.3577903e+00   2.1290970e+00  -1.5388660e+00   5.3785468e-01
   2.0000000e+00  -6.3410460e-01   1.1176312e+00  -6.7110762e-01   7.4036197e-01  -6.2856332e-01  -2.1468459e+00
   2.0000000e+00   8.8096940e-01  -9.8988813e-01  -6.9547587e-01  -8.6037280e-01  -9.6238298e-01   8.3236776e-01
   2.0000000e+00   6.7891274e-01   1.9855452e+00  -4.3638253e-01  -6.3392278e-01  -4.7570778e-01  -3.7582488e-01
   2.0000000e+00  -1.5507242e-01  -1.0505616e+00  -1.8171602e+00   1.4484949e+00  -1.0355589e+00  -5.7128440e-01
   2.0000000e+00   1.0003113e+00  -1.8678917e-01   1.6554529e-01  -2.0156934e-01  -3.1815886e-01   4.0551651e-02
   2.0000000e+00   7.5280553e-01  -1.5398782e+00   4.1549840e-01  -2.4175627e+00   1.0138052e+00   1.0596016e-01
   2.0000000e+00   9.1847210e-01   1.8843752e+00   5.5560011e-03   1.5155399e-01   6.8056567e-01   8.0089106e-02
   2.0000000e+00   7.8209240e-01  -3.2750413e-01   3.5563370e-01  -1.1545818e+00   8.7894433e-01   6.1873742e-02
   2.0000000e+00   1.3167135e+00  -6.8199011e-01   4.5821761e-01   2.9773428e-01   4.4290601e-01   1.1755569e-01
   1.0000000e+00  -5.6053356e-01  -7.8721023e-01  -4.1578700e-01   1.1230622e+00   8.0782122e-02  -1.1265379e-01
   2.0000000e+00   9.9788547e-02   2.8132436e-01   4.3399360e-01  -1.2730514e+00  -2.9519701e-01   6.3166954e-01
   2.0000000e+00   8.5342069e-01  -5.8861068e-01  -8.9969222e-01   2.1483402e+00   1.0312193e+00  -2.0991661e+00
   1.0000000e+00  -2.4922807e-02  -7.7942955e-02  -3.1055771e-01   2.0092316e-01   3.4397789e-01   4.3278039e-01
   2.0000000e+00  -1.5108958e+00   1.1080500e+00  -5.7553970e-01  -1.1697430e+00   1.9093766e+00  -1.3630787e-01
   1.0000000e+00  -4.1055461e-02  -3.7269697e-01   2.3586626e+00   7.4089643e-02   4.2701722e-02   8.3745657e-01
   1.0000000e+00   3.6706103e-01  -2.2870924e-01   2.3830532e+00   8.4488722e-01   3.1717965e-01  -9.0067708e-01
   2.0000000e+00  -1.4208360e+00   9.3666747e-01  -2.8603677e-01   1.4141162e+00   5.9814009e-01  -5.6709279e-01
   1.0000000e+00   3.9063633e-01   1.0222104e+00  -1.6604074e+00  -1.9085355e+00   1.5662222e-01  -1.0675001e+00
   2.0000000e+00  -1.5432917e+00   1.1595895e+00  -3.7842091e-01  -1.0074584e+00   1.1590068e+00   9.0248382e-01
   1.0000000e+00   1.9825336e-02   8.3867936e-01   8.3265542e-01   5.5632318e-01   3.8256868e-01  -4.2339541e-01
   2.0000000e+00  -1.1905874e+00   8.8201138e-01   7.8267712e-01   2.3590651e-02   1.1261361e-01   1.1662298e-01
   2.0000000e+00   6.7010422e-01   1.8593137e+00   1.2851504e+00   5.2410332e-01  -1.7166744e+00   8.3546496e-01
   2.0000000e+00  -2.2036231e+00  -5.8547904e-04   1.2858588e+00   1.7721078e+00   1.6657913e+00   3.1129996e-01
   2.0000000e+00  -8.4844722e-01   4.7559663e-01   4.4015071e-01   3.8757261e-01   5.7434840e-01  -5.2691426e-01
   2.0000000e+00   1.6967274e-01   1.3811474e+00  -1.0264960e+00  -8.9184056e-01  -6.5320491e-02  -8.5114217e-01
   2.0000000e+00  -3.8099969e+00  -1.2646436e+00   1.1156496e+00  -2.3452702e+00   2.9129156e-01   3.4337310e-01
   2.0000000e+00   1.9392991e-01  -1.5050232e+00   2.0525722e-03  -8.2233194e-01  -2.5654434e-01  -1.1019244e+00
   2.0000000e+00  -1.5798278e+00   1.9991019e-01   7.9617209e-01   1.9497211e-01   1.2104403e+00   1.0083772e+00
   2.0000000e+00  -1.4689972e+00  -3.2549398e-01   4.9851833e-01  -8.8500629e-01   8.5632387e-01   7.3077657e-01
   2.0000000e+00  -7.6764148e-01  -1.4578373e+00  -1.4950711e+00  -1.6562877e+00  -4.4688765e-01  -9.6495013e-01
   2.0000000e+00  -8.4285996e-01  -1.3017848e-02   2.4799871e-01   7.9083775e-01   1.0983711e+00   1.2478942e+00
   2.0000000e+00  -2.2440833e-01  -3.6322117e-01   2.6812800e-01  -1.2058263e+00  -3.5110746e-01   8.8140877e-01
   1.0000000e+00   7.8042844e-01   3.6291673e-01   2.6840217e-01   1.1932040e+00   3.6143460e-01  -2.8606435e-01
   2.0000000e+00   1.5536659e+00   1.3492190e+00  -4.4635287e-01   7.0147718e-01   7.8569589e-01   1.6823274e+00
   2.0000000e+00  -2.6183205e-01  -2.3919646e+00   8.2515280e-01   3.9403466e-01   2.0422554e+00   4.7601913e-01
   2.0000000e+00  -8.7863323e-01  -1.4161441e+00  -5.0905800e-01   3.5700531e-01  -9.4479757e-01  -6.6747342e-01
   2.0000000e+00  -3.9517058e-01   2.0336017e-01   1.1154975e+00   1.7336650e-01  -5.5370016e-01  -5.0962837e-01
   2.0000000e+00  -3.0137974e-01  -2.0559475e-01  -5.0903008e-01  -2.4835401e+00  -1.9751066e-01   5.4165053e-01
   2.0000000e+00  -6.6106100e-01  -1.0948845e-01  -4.0222779e-01   5.6240290e-01  -1.0624000e-01   5.9492581e-01
   2.0000000e+00   1.1150087e+00   3.3769824e-01  -1.3396143e-01   1.1980699e+00   1.5107756e+00  -3.8348730e-01
   2.0000000e+00  -2.0521094e-01   3.1949243e-01  -2.0107025e+00  -8.0778264e-01  -1.8508654e+00  -4.8409410e-01
   2.0000000e+00   5.7107627e-01   2.5235793e-01   2.8686006e-01   8.0677396e-02  -1.7966081e-01  -1.4025467e+00
   2.0000000e+00  -1.4749973e+00   6.9464174e-01   1.9491323e-01   1.1984512e+00  -9.1028073e-01  -4.8825762e-02
   2.0000000e+00   1.9583085e-01  -6.4296228e-01   1.7318406e+00   5.6730996e-01  -2.0429051e+00   1.6179451e+00
   2.0000000e+00  -7.8959848e-01  -2.5143367e-02   8.7014188e-01  -1.0237259e+00   7.8470569e-01  -6.1499241e-01
   1.0000000e+00  -5.7166977e-02   9.9792900e-01  -6.0428019e-01  -6.5057947e-01   1.4376646e-01   1.1091769e+00
   2.0000000e+00  -7.7853212e-01  -1.3160268e-01  -2.1197861e+00   5.1762580e-01   1.1403912e+00  -4.7158116e-01
   2.0000000e+00  -1.5664271e+00   1.2251159e+00  -8.3132969e-01  -2.3364537e-01  -2.8834065e-01   2.2097175e+00
   2.0000000e+00  -1.5007712e-01  -1.8754331e+00   2.3548794e-03   2.6102871e-03   1.3351027e+00   1.8080087e+00
   2.0000000e+00  -3.4009012e-01  -1.2939557e-01   5.6223306e-01   9.9612182e-02  -6.4274716e-01  -7.0811675e-01
   2.0000000e+00   3.3840691e-01   1.0606757e+00   4.5805617e-04   3.8668552e-01  -1.2805587e-01   1.1812345e+00
   2.0000000e+00  -7.6177211e-01   1.5431962e+00   9.4846842e-01  -1.2656134e+00  -8.2396871e-01   1.6869379e+00
   2.0000000e+00   8.6103597e-01   5.5049104e-01   6.6696172e-01  -6.9782002e-01  -1.0490255e+00  -7.7709415e-01
   2.0000000e+00  -2.0749112e+00   1.2344631e+00  -8.8368613e-01  -5.3255159e-01   5.9896394e-02  -9.1262573e-01
   2.0000000e+00  -9.1135375e-01   7.7823341e-01   2.0377831e-01  -5.1884436e-01   1.4843873e+00   6.3386456e-01
   2.0000000e+00   1.2040965e+00  -9.5157592e-01  -1.4531877e+00  -8.7344631e-01  -5.5418611e-01  -5.4897348e-02
   1.0000000e+00  -5.1422304e-01   1.1571411e+00  -5.0567456e-01  -9.4689550e-01   7.2066688e-01  -1.4732788e+00
   2.0000000e+00  -3.3780193e-01  -2.7814899e-01   3.1194457e-01   5.6418815e-01  -1.2423295e+00  -7.0008215e-01
   2.0000000e+00  -1.2719722e+00   1.2140425e+00  -1.5517245e-01   5.5209203e-01   1.1225452e-01   5.7670126e-01
   1.0000000e+00   6.7454063e-02   1.0304012e+00  -4.0102647e-01   1.0349514e-01   8.3540392e-01  -9.0798535e-01
   1.0000000e+00  -8.0714578e-01  -3.1568721e-01  -8.6319394e-01  -5.2194291e-01   3.7135915e-01  -7.1836693e-01
   2.0000000e+00  -9.5492438e-01   1.0343050e+00  -1.1016921e+00   4.2405013e-01  -4.5159376e-01   6.6977817e-01
   2.0000000e+00  -8.6427829e-01  -1.4347032e+00   1.3221100e+00  -5.6383683e-01  -1.1764049e-01  -2.1825930e+00
   2.0000000e+00   9.2630019e-01  -2.3519784e-01   3.6208692e-01  -1.2745429e+00  -1.4731416e+00   1.4599340e+00
   2.0000000e+00   2.4968196e-01  -7.9391783e-01   1.3775768e-01   2.7967098e-01  -9.0692215e-01  -8.9245426e-01
   1.0000000e+00   1.5002620e-01  -3.5985735e-01   1.2644830e+00   1.5149555e+00   4.4068741e-01   2.9059485e-01
   2.0000000e+00   1.0599294e+00   1.4670581e+00   2.6835685e-01  -3.2648592e-01  -9.8172709e-01   5.4208075e-01
   2.0000000e+00  -9.4373530e-02  -4.7407386e-01   4.6350985e-01  -1.0388555e+00  -3.7950760e-01   3.0268252e-02
   2.0000000e+00   1.5709333e+00  -3.6631063e-02   2.7047629e+00   1.9698219e+00  -8.3809472e-02  -2.6833014e-01
   1.0000000e+00   1.4902688e-01  -1.3334700e-01   1.2920814e+00  -2.9978216e-02   1.4594609e-01  -1.6266724e+00
   2.0000000e+00  -7.5370107e-01  -1.2336699e+00   1.5186525e-02  -7.6762791e-01   8.6775148e-01   6.6779970e-01
   2.0000000e+00  -1.5511182e-01  -8.5817140e-01  -6.7562424e-02   1.2838580e+00  -1.4487138e+00  -5.9696241e-01
   2.0000000e+00  -8.3792362e-01  -4.1048383e-01   4.4383884e-01  -7.6718290e-02  -1.2990272e+00   1.2308767e+00
   2.0000000e+00  -9.3689409e-01   1.1242195e+00   2.5869538e+00   1.7658926e-01  -3.0443596e+00  -6.2859224e-01
   2.0000000e+00   1.7104961e+00   1.1762235e+00   2.1633632e+00   2.1047319e-01   2.1061619e-01   1.0671207e+00
   2.0000000e+00  -3.6305484e-01   7.9888520e-01   9.1658744e-01   9.4710927e-01  -2.0478140e+00  -8.0584912e-01
   2.0000000e+00   1.8989684e+00  -2.0974616e-01   2.0498112e+00   4.2030833e-01  -4.5784179e-01  -6.1928258e-02
   2.0000000e+00   2.2536628e-01  -1.0353115e+00   7.0804616e-01   2.4481017e-01  -6.8087916e-02   4.2094830e-01
   2.0000000e+00  -1.7662577e+00  -3.4834365e-01  -1.6262879e-01  -1.2822419e+00   2.5898854e-01  -4.6664855e-01
   2.0000000e+00   2.3740440e+00   1.1782666e+00   5.6725729e-01   1.1640608e+00   1.2293049e+00   1.2838894e-01
   2.0000000e+00   1.7589545e+00  -7.1822785e-01   8.1110526e-01   1.1808496e-01  -1.4276273e+00   1.8077572e+00
   2.0000000e+00  -8.8404337e-01   2.8792118e-01   1.0424756e+00   5.4162661e-01  -3.4293556e-01   2.0927941e+00
   2.0000000e+00   2.2600622e+00   5.8398174e-01   7.9004565e-01  -3.2391431e-01   6.5867267e-01  -5.4238917e-01
   2.0000000e+00   1.0851649e+00   4.5853452e-01   1.6302707e+00   6.9722437e-01  -1.9135688e+00   1.2167689e+00
   2.0000000e+00   1.2974194e+00   1.0614620e-01   2.3791869e-01  -1.9562276e-01  -5.3207758e-01  -1.0167537e+00
   2.0000000e+00  -3.5143519e-01   1.5852755e-02  -8.3732891e-02  -3.7277992e-01   1.0168072e+00  -1.6969782e+00
   1.0000000e+00   1.5795801e-01   9.1183526e-01  -2.2440327e+00   8.2654080e-01   1.6955565e-01   9.2387142e-02
   2.0000000e+00   7.0459617e-01   6.6950334e-01  -3.5594799e-01  -8.3231158e-01   7.2579187e-01   1.8079489e+00
   2.0000000e+00   8.0361137e-01   5.6812939e-01  -1.6840582e+00   1.6922688e+00   1.9463813e+00  -5.8221182e-01
   2.0000000e+00   2.7734323e-01   7.6804182e-01   1.2719864e+00   7.5900390e-01   1.1573813e+00  -2.1540403e-02
   2.0000000e+00   3.9130254e-01   5.4340187e-01   3.9009763e-01   8.2028363e-01   1.1900738e+00  -8.5710373e-01
   2.0000000e+00   4.4746297e-01   1.7349138e+00  -6.9970780e-01  -2.5222210e+00   1.2144398e+00   2.1667944e+00
   2.0000000e+00   1.3022629e-01   2.9494616e-01  -1.1036763e+00  -3.3590108e-01   1.2029840e-01   2.6381065e+00
   2.0000000e+00  -1.3132356e+00   8.8382459e-01  -7.7087198e-01  -4.9444687e-01  -5.0983679e-01   9.7994139e-01
   1.0000000e+00   7.6890714e-01  -1.1744968e+00   5.0471375e-01   1.0122381e+00   1.5296675e-01   2.4945684e-01
   2.0000000e+00   7.0662813e-02   9.9389850e-01  -5.1433576e-01   2.1517393e-01  -1.1839012e-02  -9.2031384e-01
   2.0000000e+00   1.0806158e+00  -1.1350659e+00   3.5337060e-01   9.1099605e-01  -8.8657590e-01  -1.0885400e-01
   1.0000000e+00   2.4279224e-02  -1.2151317e-02   9.8531288e-01  -1.9596437e-01   9.5844815e-02  -1.4482625e-01
   2.0000000e+00   7.2933522e-01  -1.3875697e+00  -1.1088089e+00  -2.9123652e-01  -1.0314799e+00  -3.4723689e-02
   2.0000000e+00   1.1850787e+00  -2.4698025e+00   1.8939774e+00   5.1903638e-01   1.6493779e+00   9.4984625e-01
   2.0000000e+00  -1.3369517e-01   3.5752795e-04  -6.6078305e-01  -5.6777545e-01  -2.7412103e+00   4.6786811e-01
   1.0000000e+00  -1.9662404e-01   8.0152654e-01   1.7235220e-01  -2.0512365e+00   4.0015744e-01   9.6241170e-01
   2.0000000e+00   1.7625119e+00   1.2872672e+00  -1.8592300e+00  -1.0122628e+00  -1.4596339e-02  -1.8856390e-01
   2.0000000e+00   1.2134116e+00  -5.3390489e-01   1.3557158e+00  -1.0891261e+00   9.0140811e-02  -1.2215035e+00
   2.0000000e+00  -1.2412632e+00  -4.0282995e-01   1.6106700e+00   6.8009359e-01  -6.8027165e-02  -1.2828879e+00
   2.0000000e+00  -4.5167857e-01   1.3776770e+00   1.6629526e-01   2.5358152e-01   1.0798963e+00  -6.8695697e-01
   2.0000000e+00  -9.3021060e-01   1.4326874e+00  -4.0083384e-02   3.0043952e-01   1.0180108e+00  -5.3328918e-01
   1.0000000e+00   7.8085154e-02  -6.6445276e-01  -2.4422560e-01  -1.0166441e+00   1.9449324e-02   1.2134039e-01
   2.0000000e+00   5.1011311e-01  -1.0334630e+00   2.5914566e-01   1.2880996e+00  -1.4278368e+00  -2.4046952e-01
   2.0000000e+00   6.3056741e-01  -4.1538229e-01   7.1843850e-01   2.4080370e-01   5.5411986e-01  -1.9499740e+00
   2.0000000e+00   1.3072168e+00  -4.8097985e-01  -5.3312850e-01  -1.4857771e-01  -1.1998823e+00  -9.1916437e-02
   2.0000000e+00   1.3601551e-01  -1.3472063e+00  -9.2563613e-01  -6.4931884e-01  -1.1893468e+00  -1.0311480e+00
   1.0000000e+00   1.0899680e-01  -3.0699263e+00   6.2434073e-01  -1.1941213e-01   1.1988433e-02  -4.7041262e-01
   2.0000000e+00   5.8757642e-01  -1.2294188e+00  -5.4646496e-01  -1.0477050e+00  -2.3708895e-01   9.8166280e-01
   2.0000000e+00   1.1529711e+00   2.2791260e-01   2.3230307e+00   4.5223903e-01   1.2748993e+00  -2.2980345e-01
   2.0000000e+00  -5.0641091e-02  -6.7875030e-01  -2.3946751e+00  -3.4112526e-01  -7.6781491e-01  -2.1705722e-01
   2.0000000e+00   5.0626090e-02   6.6927983e-01  -2.1087312e-01  -2.2729996e-01  -6.1515238e-01  -2.2805353e-01
   2.0000000e+00   1.4620595e+00  -2.4626028e+00   1.0332803e+00   1.0077137e+00   7.9263522e-01  -8.8281420e-01
   1.0000000e+00  -2.9270446e-01  -9.1425689e-01  -1.2320412e-01   3.4578451e-01   5.1618468e-01  -1.3392473e+00
   1.0000000e+00   3.4106158e-03  -6.1293817e-01  -1.9727695e-01   1.0806130e+00   4.7958278e-01  -4.4055461e-01
   1.0000000e+00  -4.1030840e-01  -4.4519824e-01   3.0981435e-01   3.0403451e-02   2.1201872e-01  -3.2913705e-01
   1.0000000e+00  -4.6335439e-02  -2.1864590e-01  -5.2835291e-01  -1.8357446e-01   1.6076134e-01  -1.1106388e+00
   2.0000000e+00  -1.4856984e+00   1.2114987e+00   1.3018364e-01  -9.2332103e-01   1.6740953e+00  -2.5229627e-02
   2.0000000e+00  -1.7971639e+00  -5.7168918e-01  -3.7392517e-01   1.5574130e-01  -3.3116398e-01   5.7318295e-02
   2.0000000e+00  -8.4399155e-01  -1.3574512e+00   1.5742861e+00  -1.0870523e+00  -2.2310309e-01  -1.6513895e+00
   1.0000000e+00   8.6856980e-01   1.4913701e+00  -2.1385829e-01   6.9755704e-01   4.3325828e-01   1.9729289e-01
   2.0000000e+00   7.3105521e-01   6.8892734e-02   7.0369262e-01  -8.7504677e-01  -1.1578846e+00   9.9928171e-01
   2.0000000e+00  -1.1720422e+00  -8.5535479e-01   2.2860713e+00  -6.8633856e-02  -1.8658692e+00  -6.9624984e-01
   2.0000000e+00  -7.9801194e-01  -9.1770828e-01  -1.7409586e+00  -2.9721883e-01  -1.7343308e+00  -1.4979655e+00
   1.0000000e+00   3.2239723e-01   1.4411986e+00   1.6949033e+00   7.3615665e-01   2.4949062e-01   1.2719577e+00
   1.0000000e+00   4.6858950e-01   1.2031751e+00  -6.4516131e-02   1.7416301e-01   3.2922938e-01  -5.9026528e-01
   2.0000000e+00   3.0986303e-01  -1.1540557e+00   1.2082009e+00  -3.6458417e-01   9.7063225e-01  -1.1412894e+00
   2.0000000e+00  -6.7545998e-01   1.5329476e-01   1.2679680e+00  -2.2075922e-01  -3.9732485e-01  -5.1043382e-01
   1.0000000e+00   4.3815780e-01   6.8087366e-01   1.6482008e+00  -1.5169578e+00   1.3330949e-01   3.1848523e-03
   2.0000000e+00  -5.4406229e-03   1.0973586e-01  -3.9737520e-01   1.3152680e+00  -1.0594978e+00   8.9757472e-01
   2.0000000e+00   1.1876136e+00   2.1762687e-01  -5.2995370e-01  -7.3956893e-01  -1.5583933e+00  -8.2001510e-01
   2.0000000e+00   6.5383758e-01   5.4733639e-01   1.2612790e+00   6.7450311e-01  -1.1943807e+00  -2.6291650e+00
   2.0000000e+00  -5.1535706e-01  -1.8450325e+00   1.1436258e+00   9.9382018e-01  -6.2589298e-01   6.5534308e-01
   2.0000000e+00  -1.0670753e+00   7.2422408e-01  -2.7713116e-01   4.7914314e-01   1.3459663e+00   6.1338344e-01
   2.0000000e+00   2.2718531e+00  -4.3523213e-01  -2.3652800e+00   2.4096184e-01  -2.7448069e-01   1.7893229e-01
   2.0000000e+00   3.7091246e-01  -1.3824878e+00   2.4530740e+00  -2.4459887e-01  -1.3433382e+00  -1.7700738e+00
   2.0000000e+00   5.6954170e-01  -3.5557603e-01   2.8702344e-01   1.9013486e+00  -4.4859719e-01  -8.8378073e-01
   2.0000000e+00   1.9386107e+00   3.7657650e-01   1.6511601e-01  -1.0942323e+00   7.8370085e-01   1.2248670e+00
   2.0000000e+00  -1.9248812e+00   5.9789145e-01   9.9476257e-01  -4.7162540e-01  -1.9241030e-01  -1.1656610e-01
   2.0000000e+00   9.6410148e-01   6.2475721e-01  -2.1067514e-01  -3.9079378e-01   5.6303867e-01  -1.4997758e-01
   2.0000000e+00   6.3895407e-01  -2.8547859e-01  -1.2907124e+00   3.1399221e-02  -4.8066719e-01  -4.9000432e-01
   1.0000000e+00   1.2209058e-01   1.5804264e+00   1.1567300e-01   1.4213604e+00   1.4880528e-01  -1.1421079e+00
   2.0000000e+00  -2.8154914e-01  -9.9076645e-01  -4.9319436e-01  -1.2853727e+00  -5.9486362e-01  -2.6501088e-01
   2.0000000e+00   6.2368224e-02  -6.4874571e-01  -7.9512016e-01   1.6225219e+00   1.1167988e+00   3.2577754e-01
   2.0000000e+00  -9.8779791e-01   1.4527399e+00  -3.8691471e-01   4.2466715e-01   1.9749899e-01  -6.8046443e-01
   1.0000000e+00   5.3249320e-01   1.5610164e+00  -4.7574443e-02  -9.9188252e-01   3.4410574e-01   2.5178266e-01
   1.0000000e+00  -2.2834435e-01   6.1019184e-02   2.1262800e+00   1.5099308e+00   2.7316341e-01   1.3550345e-01
   2.0000000e+00   5.2724439e-01  -9.7028505e-02  -1.9655031e-01   5.3442290e-01   1.0694325e+00   5.1458298e-01
   2.0000000e+00  -2.0607156e-01   9.4496795e-02  -8.6335554e-01  -1.8186629e-01  -2.4138866e+00  -8.7559787e-02
   1.0000000e+00   1.0528538e-02  -6.1117534e-01  -1.7142910e+00  -2.8432895e-01   2.3800944e-01   5.8550978e-01
   2.0000000e+00   3.4828421e+00   5.7104800e-01  -2.3506247e-01  -1.5030625e+00   9.6660534e-01  -1.1476430e+00
   1.0000000e+00  -6.6222307e-01  -4.1980177e-01   1.9136419e+00  -4.6367233e-01   3.8371073e-01   2.6601513e-01
   2.0000000e+00   4.7765787e-01  -1.6002879e-01  -3.9330913e-01   1.1652181e+00   1.8585096e-01  -2.5000821e+00
   2.0000000e+00   2.8868664e-01  -1.4696552e+00   1.5055301e+00  -2.1011077e-01   1.1440057e+00   1.6934668e-01
   2.0000000e+00   4.5078201e-01  -9.0796398e-01   1.2353947e-01   7.3923634e-02   1.3368664e+00  -6.1647461e-02
   2.0000000e+00  -1.1628465e+00  -1.3521980e-01   1.2583216e+00  -6.4157835e-01  -3.1502668e-01  -2.4415727e+00
   2.0000000e+00  -1.5272324e+00  -9.8776586e-01   7.4965832e-01  -2.2646654e-01   2.0377702e-01  -3.6610675e-01
   2.0000000e+00  -9.5933935e-01   1.5537535e-01   1.1809576e+00  -1.4496751e+00   1.1111052e+00  -1.2195083e+00
   2.0000000e+00   3.7300540e-01   8.8418591e-01  -1.2932181e+00  -1.3076853e+00   1.5214098e+00   4.7502575e-01
   2.0000000e+00   1.7636555e+00   1.2782747e+00  -1.8131188e+00   8.2878163e-01   1.8386062e+00   4.2305433e-01
   1.0000000e+00  -8.5375431e-02   9.1671166e-01  -3.1282023e-01  -6.8269953e-01   7.7035527e-01  -9.4175607e-01
   1.0000000e+00   1.2933329e-01  -1.5755759e+00  -7.3367298e-01  -1.5922205e-01   4.3457500e-01  -3.5312176e-01
   1.0000000e+00  -4.8471550e-01   1.9037848e-01  -4.8753040e-01  -1.9027970e-01   4.3400706e-02   2.4847180e-01
   2.0000000e+00   2.7541404e-01   1.6741755e+00   1.5093540e+00   3.2561361e-01  -6.6329852e-01   4.9865489e-01
   2.0000000e+00  -6.2914390e-01  -7.5168024e-01  -1.8928707e+00   8.2930388e-01  -2.6742878e-01   3.3017234e-01
   1.0000000e+00  -4.9476925e-01  -1.7204854e+00   9.0614657e-01  -9.0456705e-01   6.4508542e-01   8.9406448e-01
   2.0000000e+00   3.8509113e-01  -2.2983346e-01  -4.2601733e-01  -6.8220420e-01  -7.2640469e-01  -1.4283121e+00
   2.0000000e+00   6.8170345e-01  -2.8910125e-01   1.1496526e+00  -8.1060854e-01  -8.8642164e-01   2.7906548e+00
   2.0000000e+00  -7.4409889e-01   4.9589877e-01  -1.1337973e+00  -5.2910991e-02   1.3173624e+00  -2.1152348e+00
   2.0000000e+00   1.3480131e+00  -6.2203411e-01  -1.4976058e+00  -4.9882030e-01  -2.1788227e-01   9.5733016e-01
   1.0000000e+00   5.0568158e-01   9.7102444e-01  -2.4707151e-01   7.5356367e-01   2.4090727e-01  -5.9887084e-01
   2.0000000e+00   7.1208592e-01   1.4526619e+00  -2.5394311e-01   5.1665499e-01  -9.0368950e-01  -7.4198741e-01
   2.0000000e+00   1.8824089e-01  -1.2063699e+00   2.3876396e-01  -2.8012012e-01   1.2582688e+00  -1.3682950e+00
   2.0000000e+00   6.8212929e-01  -1.4073179e+00   2.0649936e-01  -1.4825730e+00  -1.4316502e-01   1.0200210e+00
   2.0000000e+00   3.3070337e-01   2.2361046e+00  -1.2928680e+00  -5.7946042e-01  -3.6944318e-01  -3.8844022e-01
   2.0000000e+00   9.4911120e-01   2.5998035e-01  -8.0563405e-01   9.1723980e-01  -5.5051360e-01  -4.1523443e-02
   1.0000000e+00  -1.2336729e-01   1.2444320e+00  -3.8893820e-01   2.5903349e-01   9.3241752e-02   1.9502393e+00
   2.0000000e+00  -1.1700174e+00  -1.1594478e+00  -1.2584471e-01   2.8825316e-02   1.2468430e+00   1.3363882e+00
   2.0000000e+00  -2.8188404e-01   8.5946982e-01   1.8064601e+00  -2.2187508e-01  -4.9726545e-01   1.5910462e+00
   2.0000000e+00  -5.1755846e-01   2.5735728e-01  -3.4842851e-01   9.8454131e-01   8.9265480e-01  -1.3525334e+00
   1.0000000e+00   5.6753567e-01  -6.9102501e-02   6.7136095e-01  -9.0451261e-01   1.5428902e-02  -1.6446632e+00
   2.0000000e+00  -3.5014267e-01   2.6784075e+00  -3.1975280e-01  -9.1169676e-01   8.9783090e-01   1.8987488e+00
   2.0000000e+00   1.4518226e+00   9.1565282e-01  -1.1416845e+00   1.0617958e-01  -9.7723797e-01   1.1769903e-04
   1.0000000e+00  -2.0342985e-01  -1.8417521e+00  -3.5931768e-01   8.7062460e-01   3.5656968e-01  -5.5923553e-01
   1.0000000e+00  -4.3080225e-01  -1.6549383e+00  -1.6723950e+00  -1.7374665e-01   8.9140980e-01   7.6803103e-02
   1.0000000e+00  -9.8739794e-01  -1.2964000e+00   1.9587148e-01   1.5241049e+00   5.2320902e-02   6.2176803e-01
   2.0000000e+00   1.0738701e+00  -4.3576373e-01   5.6554203e-01   1.2886336e-01   3.2362486e-02   8.2657025e-01
   2.0000000e+00  -1.4677912e+00  -4.2642561e-01   1.4402357e+00   6.0469308e-01   2.5701146e-01  -4.6197900e-01
   2.0000000e+00   6.8109540e-02  -2.9472353e-01  -6.8745167e-01   2.3386813e-01  -9.8031983e-02  -1.0006910e+00
   2.0000000e+00  -1.5745348e+00   1.5254821e+00  -1.6825384e+00  -9.7128658e-02  -6.5904223e-01   2.3550626e-01
   2.0000000e+00  -1.1410482e+00  -3.4640591e-01   6.4203100e-01  -1.5705327e+00   6.4852805e-01   3.8735003e-01
   1.0000000e+00   2.9981192e-01  -7.1290920e-01   1.9958390e-01   4.1323860e-01   7.5600823e-01   6.8334209e-02
   1.0000000e+00  -2.1743485e-02  -7.9839452e-01  -9.9620547e-02   3.7448998e-01   6.6195648e-02  -3.8419662e-01
   2.0000000e+00   1.2742839e+00  -1.3803796e+00   1.5899410e+00   1.0721705e+00   1.1402048e-01  -2.6346781e-02
   2.0000000e+00   5.3340146e-01  -4.5026431e-01  -8.6794740e-01  -8.8895650e-01  -6.9102469e-01  -1.8137255e+00
   2.0000000e+00  -5.2724547e-01  -8.3724114e-01  -5.2439224e-01  -9.2136954e-01   1.7132342e+00   6.3165774e-01
   2.0000000e+00   4.5497348e-01  -1.6533243e+00   9.2792994e-01   6.6061695e-01  -1.3186259e+00   8.6016266e-01
   2.0000000e+00  -1.9477578e-01  -9.1963151e-01  -4.8839011e-02  -1.7065927e-02   1.3018133e+00  -1.9988973e-01
   2.0000000e+00   3.4859555e-01  -3.2408884e-01   1.0473635e+00   7.1316533e-01  -3.1651767e-01  -5.3061286e-01
   2.0000000e+00  -2.2896378e-01   1.0148002e+00   1.0118534e+00  -1.3869046e+00  -1.5318442e+00   5.8287525e-01
   2.0000000e+00   1.5642623e-01  -6.1549608e-01  -2.2602414e+00  -9.8190729e-01  -8.2482581e-02   1.5012533e+00
   1.0000000e+00   4.5560290e-02   1.2936867e+00  -7.0497676e-01  -1.8599868e+00   4.9578145e-01   7.5361176e-02
   1.0000000e+00   3.8069211e-01   3.8648942e-01  -3.7190966e-01   4.2378902e-01   9.0181171e-01  -3.3480826e-01
   2.0000000e+00  -1.0115998e+00   1.9107998e-01  -6.3328660e-02  -7.3880877e-01  -7.6333369e-01   7.1602353e-01
   1.0000000e+00  -2.7330481e-01  -1.3788296e+00  -1.3129159e-02  -1.1623642e+00   5.3517399e-01   3.0643578e-01
   2.0000000e+00  -1.3839306e+00   1.6359504e+00   8.4843005e-01  -9.8201778e-01   1.1499289e+00   4.1837793e-01
   1.0000000e+00   2.6299746e-02  -1.2599629e+00  -2.0557979e-01  -4.0621981e-01   7.3473816e-01   3.2307052e-01
   2.0000000e+00  -1.9499379e+00   1.7938870e-02  -3.1877526e-01   1.0343677e+00  -4.7469861e-01  -1.5276953e+00
   2.0000000e+00   7.9436569e-01  -8.4167561e-01  -3.7769357e-01   2.6801077e+00  -2.2567530e-01   1.2652255e+00
   2.0000000e+00  -7.7518853e-01  -7.9119946e-02   1.6797821e+00  -1.2707966e+00   6.9021242e-01  -2.6306271e+00
   2.0000000e+00   1.3804489e+00  -5.5701411e-01   2.3751099e-01   1.3056865e-01  -1.8708787e-01  -1.9929321e+00
   1.0000000e+00   1.5341147e-01   7.4450187e-01  -4.1352224e-01  -2.1948405e+00   9.5722041e-02  -1.0284702e+00
   2.0000000e+00   9.4047326e-01   2.4428721e-01   4.6454802e-01  -1.7114464e-01  -1.4704160e+00  -1.7580016e-01
   1.0000000e+00   3.9121991e-01   5.8112643e-01   1.1904202e+00   3.1426115e-01   6.2919821e-01  -1.9337561e-01
   2.0000000e+00  -3.8250752e-01   1.5583620e+00   1.4247210e+00  -7.4510735e-01   1.1546072e+00   2.3585550e-01
   2.0000000e+00   2.1971855e+00  -6.0436967e-01  -7.7972855e-01   1.3559091e+00   1.0971549e+00   7.8489027e-01
   2.0000000e+00   8.3786232e-01  -1.2689725e+00  -3.3731143e-01   9.6903471e-01  -5.4157544e-01   1.3106754e+00
   1.0000000e+00   2.7789445e-01  -3.6761128e-01   6.5743678e-02  -2.4237729e-01   1.9345615e-01  -7.8656212e-01
   2.0000000e+00  -1.2388120e-01  -1.1384314e+00  -3.5043047e-01   6.1261137e-01  -9.7264189e-02   8.1700385e-01
   2.0000000e+00   1.3238981e+00   1.0693456e+00  -9.8959034e-01  -3.7859877e-01  -1.2805865e+00   1.2118452e+00
   2.0000000e+00  -3.2968065e-01  -6.8761350e-01   2.4934632e-01   2.1106932e+00  -1.3099979e+00   8.2258513e-01
   2.0000000e+00   2.0647050e+00   5.1426261e-01  -1.2724337e+00  -5.8847825e-01   6.9280586e-01   7.0650994e-01
   1.0000000e+00  -2.0470035e-03   6.1937119e-01   1.3605396e+00  -3.6650382e-01   4.9410961e-01   1.2248120e+00
   2.0000000e+00   2.3081006e-01   3.8619999e-01  -6.8244272e-01  -6.6256168e-01  -6.9409242e-01  -5.2057209e-01
   2.0000000e+00  -8.5409194e-01   1.4264352e+00  -1.1317795e+00   3.1680625e-01   1.8308986e+00  -7.9773679e-01
   2.0000000e+00  -1.3704164e+00  -5.3110987e-01  -6.3142035e-01   6.6532384e-01   1.4972289e+00  -6.9646497e-01
   2.0000000e+00  -5.1879308e-01  -1.6808218e-01   1.1796842e+00  -7.9746704e-01  -7.2777605e-02  -1.4565084e-01
   2.0000000e+00  -8.1858784e-01  -1.9712285e-01   7.7640804e-01   1.5691934e+00   5.9946610e-01  -1.0319796e+00
   1.0000000e+00  -7.9279787e-02   2.4745759e+00   6.8951769e-01   2.1023816e-01   3.5309928e-01   1.4698545e+00
   2.0000000e+00   1.7383947e-01  -4.9953796e-01   1.3723920e+00   2.8300961e-01  -6.9383619e-01   1.2368662e+00
   1.0000000e+00   8.9715050e-01  -1.3990052e+00   1.7055870e+00  -1.7639198e+00   3.4642228e-01  -9.2173879e-02
   2.0000000e+00  -1.0495162e+00  -1.3107316e-01   1.3808556e+00  -1.2963243e+00   3.6202136e-01  -1.4065221e+00
   1.0000000e+00  -2.1472222e-01   1.1550215e+00  -3.4304570e-01  -9.5618931e-03   2.4698092e-01   4.5807197e-01
   2.0000000e+00   4.0985782e-01  -1.2489070e+00  -4.0223774e-02   2.3172262e-02   9.8448402e-01  -1.0488316e+00
   2.0000000e+00   1.2389572e+00   3.0247249e-01  -5.0681342e-01  -4.3954064e-01   7.2442493e-01  -7.0789356e-01
   2.0000000e+00  -2.4652447e+00  -3.8341654e+00  -1.7682154e+00   4.9767560e-01  -4.3456399e-01   3.4440471e-02
   2.0000000e+00  -1.4412495e+00  -1.2202854e-02  -7.5689125e-01  -9.3442396e-01   1.2268805e+00  -1.1915075e+00
   1.0000000e+00  -8.1531223e-03  -4.6513161e-01  -3.4302121e-01   1.9296981e-02   1.3700689e-01   1.8694998e-01
   2.0000000e+00  -1.0697108e+00  -1.3115739e+00   2.8499307e-01   4.5430404e-01   1.7777138e-01  -5.0339201e-01
   2.0000000e+00   5.0193821e-01   5.9305344e-01  -6.5582857e-01  -5.1912611e-01  -9.7338611e-01  -2.0407452e+00
   2.0000000e+00  -1.8812084e-01  -2.0847247e-01   6.8941003e-01   1.0679405e+00  -2.3184785e-01  -1.2847083e-02
   2.0000000e+00  -2.1053534e-01   1.1657725e+00   6.2937406e-01   3.6577744e-01   1.1151384e+00   2.5554882e-01
   2.0000000e+00  -7.6232156e-01   4.7027580e-01   1.1879195e+00   6.7354425e-01  -8.3071197e-01  -4.8686817e-02
   1.0000000e+00  -4.3978580e-01   9.9581263e-02   8.0304546e-01   9.8599629e-01   8.0922416e-02  -1.7938585e+00
   2.0000000e+00   8.5379355e-01   1.4929500e+00   1.7291564e+00   3.3727830e-01  -2.6472293e-01  -1.1031863e+00
   1.0000000e+00   7.1927175e-01  -4.8663059e-01   6.0745869e-02  -1.1471527e+00   3.6031591e-01   1.3034840e+00
   2.0000000e+00  -4.2428928e-01  -4.9376069e-01   1.2328840e+00  -2.5028126e+00  -6.5757815e-01   3.1082497e-01
   2.0000000e+00  -1.6827234e+00   3.9735314e-01   2.0684354e-01   5.9191929e-01  -1.3783078e-01   4.9341907e-01
   2.0000000e+00  -3.8081735e-01   4.8498272e-01   2.0482381e+00  -2.0404465e+00  -2.9679414e-01  -1.4504588e-02
   1.0000000e+00  -3.8389684e-01  -3.9093215e-01   5.5758059e-01  -1.1861712e+00   1.8304248e-01  -1.5463888e-01
   2.0000000e+00  -2.9868681e-01  -1.0930553e+00   1.0347234e+00  -1.2693583e+00  -3.6871592e-01   6.4519905e-01
   2.0000000e+00  -3.9306840e-01   7.5484930e-01  -5.4354371e-01  -1.5473587e+00  -9.9152876e-01  -1.5804689e+00
   2.0000000e+00  -6.2066482e-01   5.4244629e-01  -2.0795173e-01  -1.0013561e+00   9.4590103e-01  -4.3134810e-01
   2.0000000e+00  -8.0743367e-01  -1.3299580e+00   2.3837225e+00  -4.1193619e-01  -1.1632770e-01   1.5832517e+00
   2.0000000e+00   1.6991751e+00  -4.7597262e-01  -5.5336973e-01  -6.7555803e-01   3.2761553e-01   5.1740053e-01
   2.0000000e+00   5.2425672e-01  -4.1640271e-01  -1.8939642e-01   1.4076847e+00   9.8362028e-01  -6.8383126e-01
   2.0000000e+00  -5.6349562e-01   5.4738978e-01  -4.4267960e-02  -8.2070528e-01  -1.3559578e-01   2.3667513e-01
   2.0000000e+00   2.0425617e+00   9.2718161e-02   4.2387410e-01   1.3827690e+00  -4.4059192e-01   1.3406767e+00
   2.0000000e+00   9.7917893e-01   2.4900472e+00  -1.2677355e+00  -5.4603182e-01  -6.5069337e-01   9.6888586e-01
   2.0000000e+00  -1.0575812e+00   3.2497583e-01  -2.7031690e+00   7.4358211e-01   1.8373136e+00  -7.8519865e-01
   2.0000000e+00  -5.7490422e-01   6.5289257e-01   6.5055329e-01   1.1941691e+00   9.1198405e-01  -4.9805778e-01
   2.0000000e+00   3.9390885e-01   3.8090135e-01  -4.0430284e-01   1.9867555e-01   1.8905719e+00  -1.5659187e+00
   2.0000000e+00  -5.3314188e-02  -6.8556644e-01   1.4507343e+00  -6.7498623e-01   1.4334178e+00  -5.0625695e-01
   2.0000000e+00  -1.3742077e+00  -1.5516848e-01  -2.4102063e+00  -4.9813916e-01  -1.6006056e+00   3.6206047e-01
   2.0000000e+00  -1.0852705e+00   1.8683946e+00   8.2560997e-01  -3.9628903e-01  -1.7261430e+00  -2.4137753e-01
   2.0000000e+00  -6.1189433e-01  -7.3005936e-01   2.6562155e-01  -1.1500934e+00  -4.9786247e-01  -1.1684242e+00
   2.0000000e+00  -4.5758487e-01  -4.3070791e-01   8.5886818e-01   7.2167482e-01  -1.5119540e+00  -2.0216542e+00
   2.0000000e+00  -1.1895260e+00  -1.0711799e+00  -6.3085892e-01  -4.0969024e-01  -2.8871870e-01  -7.7886764e-01
   2.0000000e+00  -1.4254518e+00  -4.9951714e-01  -1.0905260e+00  -2.4333489e-01   2.4098689e-01  -2.4829109e+00
   1.0000000e+00  -3.5663665e-01  -7.0684510e-01  -9.0199909e-01  -3.0102682e+00   6.4634670e-01   2.4596872e-01
   2.0000000e+00  -1.4283411e+00  -1.4020193e+00   3.5102827e-01   1.5382347e-01   7.5233311e-01  -1.9828355e-02
   2.0000000e+00  -4.5808572e-01  -6.5065621e-01  -8.6052505e-01  -6.6049477e-01  -6.4026381e-01  -9.9491853e-01
   2.0000000e+00   7.9734577e-01   4.1239897e-01   5.4505043e-02   9.8451326e-01  -2.2624240e+00   5.2726660e-01
   2.0000000e+00   2.7517285e-01   6.6673975e-02   1.8015143e+00   4.0594606e-01  -3.3556021e-01   3.4145670e-01
   2.0000000e+00  -1.2998104e-01  -1.3496765e+00   3.2237322e-01   1.0536054e-01  -1.4824091e+00   5.1955072e-02
   1.0000000e+00   4.7556434e-01  -1.2940646e+00   2.1856555e+00  -1.9682632e-01   1.3400935e-01   6.6641191e-01
   2.0000000e+00  -5.0475209e-02   1.2298371e+00  -3.7144740e-01  -3.6778305e-02  -5.9100436e-01   1.2416613e+00
   2.0000000e+00  -1.6950954e+00  -1.7553683e+00  -9.2354854e-01   8.0650253e-01  -6.2952731e-01   2.4535418e-01
   2.0000000e+00  -8.4327886e-01  -9.6761091e-01  -7.2283499e-01  -1.3083415e+00  -1.0006360e+00  -4.1496680e-01
   2.0000000e+00  -1.9375329e+00   1.1870768e+00   2.3253467e-01   3.5690972e-01  -3.9626784e-01   5.4689347e-02
   2.0000000e+00   9.2998030e-01   3.7170208e-01  -7.7822305e-01   6.5891274e-01  -7.0329406e-01  -1.3812143e+00
   2.0000000e+00  -3.2718788e-01  -1.6856268e+00  -5.4545452e-01   1.9810352e+00  -1.0083987e+00  -1.0265361e+00
   1.0000000e+00   6.2737212e-01  -5.1467100e-01  -4.0292125e-01   8.7151138e-01   3.5618814e-01  -2.4207788e-01
   2.0000000e+00  -1.0873278e+00  -1.6520647e-01  -5.5343124e-01  -1.0283783e+00  -4.7154793e-02  -4.3848902e-01
   2.0000000e+00   6.8120594e-01   9.0077774e-01  -9.3777332e-01  -4.8894080e-02   1.0223744e+00  -1.0709653e+00
   2.0000000e+00  -2.3592996e+00  -1.4128911e+00  -1.3813821e+00  -9.4153700e-01  -4.0558281e-01  -9.2610593e-01
   2.0000000e+00  -1.3511349e+00  -2.3553762e-01  -2.1365684e+00  -9.1181177e-01   4.4179122e-01  -1.1696692e+00
   2.0000000e+00  -2.4789825e-01   3.8128054e-01   5.1076541e-01  -1.6656851e-02  -5.6052063e-02  -9.2087452e-01
   2.0000000e+00  -9.4225834e-01   7.9518831e-01   5.6717976e-01   1.2584132e+00   6.6066552e-01  -8.8091153e-01
   2.0000000e+00   1.1090638e+00  -1.5307781e+00  -6.8756547e-01  -5.1171807e-02   9.6089374e-01  -1.1105432e+00
   2.0000000e+00  -1.0279419e+00  -1.3503050e+00   4.5121030e-01  -2.5888638e-01  -1.0383495e+00  -4.8161500e-01
   2.0000000e+00   7.7592935e-01  -1.9144067e-01  -6.6587722e-01  -2.9088364e-01  -1.5927874e+00   1.1850395e+00
   2.0000000e+00   9.5364132e-01  -5.0459805e-01   8.1745401e-01   1.9335618e+00  -1.2225201e+00  -7.2035891e-02
   2.0000000e+00  -4.4969884e-01   3.3046436e-01  -1.0019835e+00  -5.9487429e-01   1.9422322e+00   1.3762837e-01
   2.0000000e+00   3.5202575e-01   2.4000258e-01   1.3166408e+00   7.1207593e-01   1.3822769e+00   3.3402794e-01
   2.0000000e+00  -1.7099385e+00  -1.3218221e+00  -7.3899587e-01   2.6309769e+00   2.7399147e-01  -1.1951088e+00
   1.0000000e+00  -1.0862609e-01  -5.2577144e-01  -5.3384496e-01  -1.1071155e+00   7.8475499e-01   1.4486605e+00
   2.0000000e+00   1.1685112e+00   1.9208601e-01   9.4480556e-01   2.2501677e+00  -4.9486350e-01  -3.1763028e-01
   2.0000000e+00  -5.1583502e-01  -1.6258108e+00   3.1891322e-01   1.1799674e-01  -1.0599551e+00   6.6133571e-01
   2.0000000e+00  -2.3284449e-01  -1.3787224e+00  -1.2758998e+00  -1.3909925e+00   9.7585278e-01   1.3780490e+00
   2.0000000e+00  -6.6599689e-01   8.9143357e-01   9.8493061e-01   4.4662693e-01   1.4189351e+00  -1.4822056e+00
   2.0000000e+00  -8.6940867e-01  -5.2732982e-01   2.6920709e-01   6.8330089e-01  -4.3261299e-01   2.5271957e-01
   1.0000000e+00   1.8219414e-01  -1.7493182e+00  -2.7582402e-01   4.3128080e-01   6.7188033e-01  -1.2328266e-01
   2.0000000e+00   3.1127721e-01  -5.2495046e-01  -1.1906320e+00  -2.3889570e-01   1.1186986e+00   7.1196309e-01
   2.0000000e+00   3.4683841e+00  -1.6327855e+00   4.5486518e-01  -9.8151138e-01  -3.0909041e-01   4.8697532e-01
   2.0000000e+00  -1.4172339e+00  -9.2778829e-01  -6.1217655e-01   2.2068809e-02  -8.2157095e-01   2.0621713e+00
   2.0000000e+00  -5.0276290e-01  -1.0131238e+00  -6.9682862e-01  -6.4816911e-01   1.0647084e+00  -3.5017421e-01
   2.0000000e+00   3.0196536e+00  -2.0811059e-01  -6.7546820e-01   2.2732197e+00  -7.8026576e-01   2.7084802e-03
   2.0000000e+00   5.9005141e-01  -7.0614854e-01   4.7525121e-01   4.6012037e-02   1.6646542e+00  -1.7162027e+00
   1.0000000e+00  -7.5015230e-01   6.7995223e-01   4.1973652e-01   5.9274967e-01   3.3894521e-01   8.3830099e-01
   2.0000000e+00   6.2346984e-01   3.6759114e-01   1.9786431e-01  -1.4246372e+00  -1.1321131e-01  -1.1124176e+00
   2.0000000e+00  -6.8045508e-01   1.2557411e+00   1.1425129e+00   1.8222136e+00  -3.6308887e-01   1.5662831e+00
   2.0000000e+00   1.5604794e+00   1.1362425e+00  -1.2115576e+00   3.9667905e-01  -8.1609443e-01  -1.3419343e+00
